1127.0 85.0 -3712.0
1252.0 177.0 -3727.0
570.0 0.0 -4432.0
700.0 60.0 -4437.0
812.0 132.0 -4477.0
807.0 117.0 -4497.0
865.0 147.0 -4422.0
637.0 0.0 -4507.0
592.0 0.0 -4560.0
835.0 117.0 -4520.0
695.0 107.0 -4620.0
637.0 30.0 -4540.0
947.0 25.0 -4257.0
1005.0 102.0 -4257.0
1035.0 75.0 -4207.0
1055.0 75.0 -4170.0
1622.0 557.0 -3950.0
1685.0 595.0 -3940.0
1485.0 362.0 -3950.0
907.0 177.0 -4397.0
850.0 167.0 -4412.0
855.0 162.0 -4412.0
990.0 282.0 -4457.0
1072.0 265.0 -4472.0
1102.0 367.0 -4467.0
1175.0 372.0 -4442.0
990.0 260.0 -4610.0
982.0 265.0 -4590.0
1000.0 255.0 -4595.0
932.0 255.0 -4635.0
825.0 152.0 -4595.0
967.0 265.0 -4605.0
932.0 260.0 -4605.0
917.0 235.0 -4645.0
890.0 240.0 -4635.0
1320.0 430.0 -4312.0
1390.0 482.0 -4312.0
1112.0 390.0 -4337.0
967.0 270.0 -4357.0
875.0 225.0 -4422.0
747.0 172.0 -4417.0
710.0 230.0 -4402.0
802.0 215.0 -4392.0
802.0 235.0 -4402.0
952.0 332.0 -4437.0
642.0 225.0 -4565.0
1725.0 672.0 -3960.0
1912.0 980.0 -3955.0
1952.0 970.0 -3910.0
1267.0 507.0 -4412.0
1242.0 492.0 -4397.0
1360.0 570.0 -4337.0
1330.0 547.0 -4412.0
1375.0 527.0 -4392.0
1390.0 615.0 -4422.0
1345.0 570.0 -4382.0
1385.0 595.0 -4392.0
1365.0 552.0 -4372.0
1345.0 565.0 -4422.0
1395.0 552.0 -4387.0
1375.0 585.0 -4397.0
1375.0 527.0 -4337.0
1355.0 532.0 -4377.0
1385.0 575.0 -4407.0
1467.0 667.0 -4342.0
1875.0 965.0 -4232.0
1757.0 955.0 -4297.0
952.0 440.0 -4785.0
1555.0 595.0 -4207.0
1660.0 847.0 -4317.0
1312.0 707.0 -4170.0
1335.0 537.0 -4155.0
1325.0 527.0 -4160.0
1215.0 497.0 -4347.0
932.0 352.0 -4412.0
990.0 410.0 -4367.0
1087.0 460.0 -4427.0
990.0 557.0 -4620.0
912.0 435.0 -4515.0
880.0 440.0 -4665.0
840.0 445.0 -4715.0
642.0 250.0 -4575.0
175.0 102.0 -4135.0
190.0 132.0 -4145.0
230.0 152.0 -4100.0
350.0 270.0 -4070.0
405.0 270.0 -4055.0
1825.0 1315.0 -4202.0
1885.0 1467.0 -4115.0
2292.0 1477.0 -3355.0
2190.0 1287.0 -3712.0
1477.0 965.0 -4620.0
1330.0 1112.0 -4857.0
1160.0 790.0 -4902.0
1040.0 682.0 -4887.0
952.0 565.0 -4877.0
1860.0 1340.0 -4387.0
1870.0 1505.0 -4437.0
1325.0 857.0 -4180.0
1180.0 805.0 -4472.0
1200.0 882.0 -4487.0
1345.0 1025.0 -4487.0
1412.0 1015.0 -4412.0
1390.0 1150.0 -4447.0
1467.0 1185.0 -4507.0
1472.0 1205.0 -4492.0
1540.0 1242.0 -4427.0
1510.0 1215.0 -4382.0
1535.0 1242.0 -4362.0
1545.0 1222.0 -4317.0
1550.0 1242.0 -4357.0
1567.0 1247.0 -4377.0
1560.0 1215.0 -4392.0
1520.0 1232.0 -4387.0
1560.0 1227.0 -4382.0
1530.0 1232.0 -4372.0
1525.0 1247.0 -4412.0
1515.0 1242.0 -4392.0
1535.0 1272.0 -4337.0
1572.0 1272.0 -4352.0
1525.0 1205.0 -4352.0
1550.0 1242.0 -4362.0
1530.0 1232.0 -4407.0
1495.0 1227.0 -4367.0
1535.0 1215.0 -4367.0
1500.0 1180.0 -4412.0
1505.0 1205.0 -4382.0
1510.0 1215.0 -4397.0
1485.0 1232.0 -4447.0
1540.0 1237.0 -4352.0
1540.0 1205.0 -4352.0
1525.0 1200.0 -4352.0
127.0 147.0 -4135.0
317.0 275.0 -4050.0
350.0 302.0 -4050.0
210.0 200.0 -4110.0
2010.0 1960.0 -3880.0
2045.0 2150.0 -3802.0
2055.0 2427.0 -3587.0
2082.0 2465.0 -3500.0
2112.0 2237.0 -3632.0
2237.0 2412.0 -3340.0
2247.0 2670.0 -2317.0
2277.0 2140.0 -2277.0
1897.0 1872.0 -4580.0
1870.0 1987.0 -4720.0
1830.0 2135.0 -4655.0
1860.0 2150.0 -4630.0
1407.0 1292.0 -4095.0
1385.0 1282.0 -4192.0
1257.0 1292.0 -4630.0
1412.0 1287.0 -4492.0
1437.0 1307.0 -4535.0
1442.0 1297.0 -4525.0
1407.0 1282.0 -4515.0
1437.0 1282.0 -4467.0
1457.0 1272.0 -4520.0
1462.0 1272.0 -4487.0
1485.0 1325.0 -4437.0
370.0 512.0 -4085.0
2035.0 2577.0 -3475.0
2035.0 2562.0 -3515.0
2050.0 2552.0 -3500.0
2025.0 2577.0 -3547.0
1957.0 2582.0 -3752.0
1902.0 2547.0 -3717.0
1767.0 2275.0 -4170.0
1607.0 2207.0 -4422.0
1247.0 2062.0 -4852.0
1467.0 1977.0 -4535.0
2107.0 2675.0 -1955.0
1757.0 2850.0 -1325.0
1742.0 2865.0 -1290.0
1680.0 2835.0 -1137.0
1665.0 2685.0 -1077.0
1962.0 2455.0 -1702.0
1855.0 2695.0 -4665.0
1825.0 2845.0 -4502.0
1170.0 1792.0 -4247.0
1155.0 1787.0 -4297.0
720.0 1910.0 4382.0
747.0 1965.0 4332.0
735.0 1977.0 4327.0
767.0 1965.0 4372.0
742.0 2002.0 4392.0
742.0 2002.0 4357.0
762.0 1997.0 4377.0
757.0 2027.0 4322.0
767.0 1997.0 4357.0
792.0 2007.0 4317.0
762.0 2027.0 4352.0
792.0 2022.0 4402.0
735.0 2007.0 4357.0
782.0 2047.0 4342.0
772.0 2042.0 4367.0
752.0 1997.0 4342.0
730.0 1992.0 4362.0
767.0 2027.0 4312.0
757.0 2007.0 4367.0
747.0 2032.0 4322.0
752.0 2037.0 4357.0
747.0 2007.0 4327.0
777.0 2027.0 4327.0
782.0 2022.0 4347.0
787.0 2037.0 4312.0
797.0 1992.0 4342.0
757.0 1992.0 4362.0
747.0 1987.0 4372.0
752.0 2027.0 4352.0
777.0 2022.0 4327.0
757.0 1992.0 4342.0
752.0 2037.0 4357.0
757.0 2042.0 4322.0
777.0 2017.0 4312.0
742.0 1982.0 4327.0
802.0 2027.0 4347.0
777.0 2057.0 4332.0
757.0 2012.0 4337.0
752.0 2017.0 4337.0
807.0 2057.0 4372.0
752.0 2012.0 4372.0
752.0 2012.0 4317.0
752.0 2047.0 4297.0
777.0 2002.0 4337.0
797.0 2002.0 4312.0
735.0 1997.0 4327.0
762.0 2012.0 4352.0
757.0 2032.0 4362.0
757.0 1997.0 4322.0
752.0 2037.0 4367.0
247.0 1375.0 4357.0
252.0 1405.0 4342.0
277.0 1515.0 4397.0
287.0 1487.0 4407.0
267.0 1497.0 4372.0
292.0 1545.0 4372.0
302.0 1550.0 4432.0
292.0 1580.0 4382.0
297.0 1540.0 4377.0
297.0 1570.0 4392.0
307.0 1555.0 4377.0
287.0 1555.0 4372.0
297.0 1477.0 4387.0
330.0 1515.0 4392.0
297.0 1570.0 4372.0
287.0 1520.0 4387.0
297.0 1560.0 4387.0
317.0 1642.0 4382.0
292.0 1560.0 4377.0
277.0 1560.0 4387.0
287.0 1560.0 4367.0
312.0 1580.0 4407.0
287.0 1585.0 4402.0
345.0 1612.0 4372.0
335.0 1565.0 4357.0
307.0 1590.0 4372.0
355.0 1617.0 4417.0
307.0 1570.0 4372.0
312.0 1580.0 4402.0
302.0 1597.0 4407.0
307.0 1597.0 4397.0
282.0 1597.0 4402.0
322.0 1597.0 4417.0
340.0 1590.0 4382.0
317.0 1627.0 4387.0
312.0 1580.0 4372.0
330.0 1540.0 4367.0
317.0 1535.0 4352.0
345.0 1570.0 4372.0
350.0 1612.0 4392.0
312.0 1560.0 4362.0
340.0 1565.0 4387.0
330.0 1590.0 4382.0
312.0 1575.0 4387.0
330.0 1575.0 4387.0
340.0 1540.0 4392.0
317.0 1575.0 4387.0
297.0 1565.0 4407.0
317.0 1642.0 4382.0
297.0 1580.0 4407.0
20.0 1315.0 4327.0
45.0 1380.0 4322.0
180.0 1405.0 4277.0
170.0 1380.0 4332.0
185.0 1417.0 4337.0
220.0 1375.0 4322.0
215.0 1385.0 4367.0
157.0 1395.0 4352.0
180.0 1360.0 4317.0
152.0 1385.0 4317.0
180.0 1400.0 4342.0
142.0 1395.0 4302.0
190.0 1390.0 4302.0
152.0 1400.0 4342.0
165.0 1422.0 4327.0
195.0 1422.0 4342.0
185.0 1405.0 4347.0
230.0 1380.0 4312.0
225.0 1360.0 4332.0
247.0 1515.0 4377.0
225.0 1510.0 4407.0
240.0 1497.0 4397.0
252.0 1530.0 4337.0
200.0 1550.0 4387.0
205.0 1482.0 4372.0
247.0 1520.0 4397.0
240.0 1487.0 4437.0
252.0 1487.0 4367.0
257.0 1545.0 4387.0
247.0 1505.0 4417.0
247.0 1510.0 4397.0
195.0 1510.0 4372.0
230.0 1492.0 4422.0
272.0 1550.0 4427.0
230.0 1555.0 4412.0
247.0 1510.0 4367.0
262.0 1535.0 4382.0
240.0 1520.0 4322.0
205.0 1492.0 4352.0
240.0 1520.0 4347.0
257.0 1525.0 4402.0
230.0 1492.0 4392.0
252.0 1545.0 4387.0
252.0 1520.0 4392.0
257.0 1540.0 4412.0
252.0 1550.0 4397.0
230.0 1530.0 4397.0
230.0 1525.0 4402.0
240.0 1530.0 4377.0
200.0 1565.0 4422.0
-165.0 1247.0 4342.0
-92.0 1210.0 4377.0
-82.0 1222.0 4332.0
-60.0 1267.0 4332.0
-70.0 1242.0 4337.0
-70.0 1247.0 4342.0
-55.0 1247.0 4367.0
-75.0 1252.0 4347.0
-40.0 1292.0 4317.0
-75.0 1292.0 4342.0
-60.0 1262.0 4292.0
-40.0 1292.0 4367.0
-55.0 1277.0 4332.0
-65.0 1252.0 4352.0
-60.0 1237.0 4332.0
-92.0 1287.0 4357.0
-55.0 1252.0 4322.0
-70.0 1227.0 4317.0
-70.0 1287.0 4302.0
-75.0 1272.0 4322.0
-97.0 1267.0 4342.0
-92.0 1262.0 4317.0
-97.0 1232.0 4312.0
-82.0 1267.0 4367.0
-55.0 1297.0 4387.0
-15.0 1277.0 4367.0
-55.0 1277.0 4352.0
-40.0 1242.0 4397.0
-92.0 1277.0 4357.0
-55.0 1282.0 4332.0
-82.0 1247.0 4307.0
-55.0 1247.0 4327.0
-75.0 1232.0 4377.0
-92.0 1237.0 4317.0
-60.0 1277.0 4362.0
-107.0 1282.0 4327.0
-107.0 1287.0 4357.0
-75.0 1277.0 4342.0
-45.0 1242.0 4357.0
-107.0 1252.0 4292.0
-87.0 1252.0 4327.0
-70.0 1282.0 4382.0
-112.0 1267.0 4357.0
-97.0 1257.0 4302.0
-82.0 1272.0 4332.0
-82.0 1315.0 4357.0
-87.0 1262.0 4342.0
-65.0 1247.0 4322.0
-92.0 1302.0 4317.0
-65.0 1302.0 4312.0
-350.0 1200.0 4397.0
-322.0 1155.0 4332.0
-330.0 1155.0 4362.0
-302.0 1180.0 4357.0
-317.0 1200.0 4372.0
-312.0 1185.0 4367.0
-370.0 1150.0 4392.0
-322.0 1170.0 4337.0
-350.0 1180.0 4342.0
-350.0 1180.0 4362.0
-350.0 1205.0 4337.0
-350.0 1210.0 4332.0
-350.0 1150.0 4402.0
-360.0 1215.0 4397.0
-317.0 1200.0 4387.0
-312.0 1205.0 4387.0
-330.0 1180.0 4357.0
-335.0 1195.0 4397.0
-340.0 1210.0 4402.0
-330.0 1180.0 4377.0
-330.0 1205.0 4312.0
-330.0 1200.0 4372.0
-322.0 1222.0 4367.0
-317.0 1215.0 4392.0
-317.0 1215.0 4352.0
-350.0 1195.0 4342.0
-330.0 1180.0 4342.0
-322.0 1195.0 4402.0
-322.0 1185.0 4367.0
-330.0 1195.0 4362.0
-317.0 1185.0 4367.0
-355.0 1175.0 4397.0
-375.0 1205.0 4362.0
-370.0 1195.0 4357.0
-370.0 1160.0 4377.0
-312.0 1180.0 4377.0
-340.0 1160.0 4382.0
-292.0 1205.0 4367.0
-340.0 1165.0 4327.0
-322.0 1160.0 4372.0
-375.0 1160.0 4372.0
-360.0 1222.0 4382.0
-400.0 1205.0 4382.0
-350.0 1232.0 4367.0
-335.0 1150.0 4362.0
-380.0 1150.0 4377.0
-330.0 1185.0 4357.0
-335.0 1205.0 4392.0
-287.0 1185.0 4377.0
-335.0 1170.0 4332.0
-607.0 1102.0 4397.0
-535.0 1150.0 4352.0
-1505.0 2962.0 -3905.0
-1242.0 3132.0 -3965.0
-1132.0 3095.0 -3990.0
-1355.0 2992.0 -4020.0
-25.0 65.0 -4170.0
-1190.0 3117.0 -655.0
-1262.0 3162.0 -650.0
-1587.0 3157.0 -915.0
-1670.0 3162.0 -967.0
-1330.0 3122.0 -710.0
-1072.0 2890.0 -4872.0
-1117.0 2782.0 -4815.0
-1252.0 2825.0 -4680.0
-1340.0 2792.0 -4675.0
-1412.0 2587.0 -4530.0
-1230.0 2767.0 -4550.0
-1055.0 2787.0 -4690.0
-865.0 2217.0 -6277.0
-695.0 1097.0 4357.0
-710.0 1092.0 4377.0
-680.0 1130.0 4447.0
-710.0 1102.0 4392.0
-675.0 1072.0 4402.0
-715.0 1140.0 4407.0
-705.0 1135.0 4342.0
-690.0 1107.0 4352.0
-725.0 1145.0 4407.0
-705.0 1122.0 4372.0
-705.0 1130.0 4352.0
-710.0 1092.0 4402.0
-747.0 1107.0 4427.0
-730.0 1112.0 4372.0
-720.0 1130.0 4472.0
-705.0 1135.0 4422.0
-757.0 1067.0 4387.0
-742.0 1087.0 4342.0
-720.0 1107.0 4387.0
-735.0 1107.0 4407.0
-705.0 1117.0 4397.0
-767.0 1130.0 4427.0
-710.0 1082.0 4387.0
-710.0 1135.0 4387.0
-680.0 1130.0 4407.0
-710.0 1117.0 4397.0
-695.0 1135.0 4362.0
-725.0 1130.0 4357.0
-720.0 1135.0 4322.0
-735.0 1102.0 4362.0
-720.0 1107.0 4377.0
-652.0 1107.0 4412.0
-730.0 1077.0 4432.0
-710.0 1092.0 4367.0
-742.0 1072.0 4402.0
-730.0 1097.0 4412.0
-735.0 1082.0 4347.0
-730.0 1087.0 4387.0
-715.0 1102.0 4377.0
-705.0 1072.0 4352.0
-705.0 1072.0 4407.0
-715.0 1107.0 4337.0
-752.0 1135.0 4372.0
-715.0 1107.0 4367.0
-670.0 1077.0 4362.0
-710.0 1122.0 4372.0
-762.0 1077.0 4412.0
-730.0 1117.0 4402.0
-742.0 1102.0 4397.0
-680.0 1092.0 4372.0
-957.0 927.0 4382.0
-1030.0 902.0 4382.0
-1010.0 955.0 4387.0
-1000.0 927.0 4362.0
-995.0 912.0 4337.0
-1010.0 887.0 4287.0
-3237.0 2797.0 3552.0
-3160.0 3225.0 3557.0
-3170.0 3235.0 3535.0
-3170.0 3270.0 3500.0
-3150.0 3287.0 3485.0
-3180.0 3275.0 3490.0
-3205.0 3255.0 3475.0
-3200.0 3287.0 3525.0
-3170.0 3287.0 3500.0
-3145.0 3182.0 3572.0
-3340.0 2982.0 3547.0
-3475.0 3065.0 3577.0
-3442.0 3132.0 3587.0
-3452.0 3095.0 3567.0
-3427.0 3055.0 3592.0
-3422.0 3102.0 3552.0
-3350.0 3090.0 3445.0
-1985.0 2270.0 -3842.0
-2040.0 2212.0 -3837.0
-2210.0 1950.0 -3852.0
-1870.0 2135.0 -4165.0
-1897.0 2075.0 -4090.0
-1947.0 1802.0 -4155.0
-1972.0 1755.0 -4125.0
-1980.0 1662.0 -4272.0
-1947.0 1720.0 -4342.0
-1860.0 1832.0 -4452.0
-1890.0 1822.0 -4387.0
-1855.0 1822.0 -4437.0
-1880.0 1832.0 -4442.0
-1850.0 1787.0 -4447.0
-1890.0 1802.0 -4412.0
-1830.0 1812.0 -4437.0
-1835.0 1847.0 -4472.0
-1885.0 1780.0 -4402.0
-1927.0 1765.0 -4427.0
-1855.0 1770.0 -4442.0
-1845.0 1822.0 -4462.0
-1875.0 1787.0 -4412.0
-1902.0 1837.0 -4412.0
-1890.0 1775.0 -4352.0
-1897.0 1787.0 -4427.0
-1815.0 1802.0 -4525.0
-1815.0 1862.0 -4550.0
-2612.0 1612.0 3802.0
-2880.0 1832.0 3747.0
-2870.0 1817.0 3722.0
-2907.0 1847.0 3712.0
-2880.0 1895.0 3767.0
-2912.0 1905.0 3742.0
-2952.0 2017.0 3667.0
-3145.0 2392.0 3677.0
-2370.0 1530.0 -3717.0
-2402.0 1520.0 -3682.0
-2375.0 1510.0 -3682.0
-2365.0 1520.0 -3697.0
-2370.0 1585.0 -3712.0
-2325.0 1705.0 -3752.0
-2205.0 1837.0 -3792.0
-2237.0 1632.0 -3772.0
-2262.0 1590.0 -3772.0
-2325.0 1400.0 -3737.0
-2267.0 1320.0 -3702.0
-2252.0 1350.0 -3722.0
-2282.0 1335.0 -3722.0
-2297.0 1340.0 -3802.0
-2292.0 1330.0 -3697.0
-2277.0 1315.0 -3722.0
-2282.0 1325.0 -3717.0
-2310.0 1335.0 -3662.0
-2297.0 1330.0 -3707.0
-2302.0 1345.0 -3732.0
-2262.0 1315.0 -3707.0
-2302.0 1335.0 -3707.0
-2237.0 1330.0 -3742.0
-2272.0 1330.0 -3702.0
-2227.0 1320.0 -3722.0
-2297.0 1335.0 -3727.0
-2287.0 1350.0 -3707.0
-2277.0 1330.0 -3737.0
-2310.0 1345.0 -3722.0
-2302.0 1340.0 -3732.0
-2272.0 1315.0 -3702.0
-2262.0 1315.0 -3667.0
-2297.0 1335.0 -3727.0
-2287.0 1335.0 -3682.0
-2252.0 1315.0 -3717.0
-2272.0 1325.0 -3682.0
-2252.0 1320.0 -3717.0
-2282.0 1320.0 -3732.0
-2252.0 1302.0 -3752.0
-2292.0 1330.0 -3722.0
-2292.0 1325.0 -3697.0
-2262.0 1340.0 -3697.0
-2122.0 1117.0 3940.0
-2525.0 1375.0 -3445.0
-2292.0 1315.0 -3727.0
-2315.0 1272.0 -3692.0
-2335.0 1307.0 -3702.0
-2292.0 1287.0 -3717.0
-2310.0 1287.0 -3742.0
-2302.0 1307.0 -3732.0
-2315.0 1297.0 -3722.0
-2292.0 1277.0 -3712.0
-2272.0 1287.0 -3777.0
-2262.0 1272.0 -3702.0
-2272.0 1282.0 -3722.0
-2330.0 1297.0 -3717.0
-2320.0 1292.0 -3712.0
-2310.0 1287.0 -3742.0
-2315.0 1302.0 -3732.0
-2287.0 1315.0 -3707.0
-2320.0 1292.0 -3752.0
-2297.0 1297.0 -3717.0
-2242.0 1292.0 -3672.0
-2310.0 1320.0 -3752.0
-2310.0 1320.0 -3727.0
-2325.0 1282.0 -3707.0
-2302.0 1262.0 -3727.0
-2310.0 1297.0 -3717.0
-2292.0 1262.0 -3772.0
-2335.0 1315.0 -3782.0
-2302.0 1297.0 -3752.0
-2287.0 1307.0 -3732.0
-2325.0 1277.0 -3787.0
-2320.0 1277.0 -3737.0
-2310.0 1277.0 -3722.0
-2320.0 1282.0 -3722.0
-2267.0 1267.0 -3737.0
-2277.0 1287.0 -3757.0
-2292.0 1287.0 -3747.0
-2252.0 1282.0 -3712.0
-2310.0 1277.0 -3707.0
-2310.0 1315.0 -3707.0
-2325.0 1320.0 -3722.0
-2310.0 1320.0 -3732.0
-2292.0 1302.0 -3747.0
-2310.0 1292.0 -3737.0
-2310.0 1302.0 -3742.0
-2297.0 1325.0 -3752.0
-2292.0 1272.0 -3747.0
-2247.0 1282.0 -3727.0
-2287.0 1315.0 -3647.0
-2302.0 1292.0 -3687.0
-2797.0 765.0 -2885.0
-2247.0 815.0 -3667.0
-2220.0 800.0 -3682.0
-2215.0 755.0 -3632.0
-2175.0 722.0 -3682.0
-2190.0 755.0 -3657.0
-2035.0 722.0 -3995.0
-1927.0 635.0 -4025.0
-1725.0 477.0 -4080.0
-1637.0 425.0 -4130.0
-1632.0 430.0 -4105.0
-1637.0 445.0 -4095.0
-1660.0 517.0 -4145.0
-1655.0 487.0 -4175.0
-1650.0 497.0 -4192.0
-1637.0 570.0 -4165.0
-1650.0 557.0 -4192.0
-1655.0 552.0 -4202.0
-1665.0 532.0 -4217.0
-1632.0 512.0 -4197.0
-1695.0 570.0 -4185.0
-1685.0 537.0 -4207.0
-1660.0 517.0 -4185.0
-1627.0 542.0 -4185.0
-1685.0 552.0 -4175.0
-1655.0 542.0 -4202.0
-1660.0 595.0 -4192.0
-1685.0 565.0 -4165.0
-1675.0 547.0 -4180.0
-1700.0 542.0 -4175.0
-1670.0 547.0 -4185.0
-1715.0 542.0 -4145.0
-1665.0 527.0 -4202.0
-1715.0 517.0 -4150.0
-1665.0 532.0 -4192.0
-1685.0 527.0 -4180.0
-1665.0 532.0 -4155.0
-1700.0 552.0 -4175.0
-1675.0 557.0 -4165.0
-1650.0 590.0 -4197.0
-1690.0 580.0 -4222.0
-1720.0 565.0 -4192.0
-1670.0 565.0 -4120.0
-1650.0 542.0 -4170.0
-1660.0 532.0 -4192.0
-1705.0 552.0 -4145.0
-1732.0 517.0 -4175.0
-1680.0 527.0 -4192.0
-1680.0 537.0 -4150.0
-1637.0 575.0 -4130.0
-1237.0 205.0 -4170.0
-1122.0 162.0 -4237.0
-830.0 142.0 -4272.0
-742.0 90.0 -4242.0
-715.0 107.0 -4247.0
-735.0 75.0 -4262.0
-705.0 107.0 -4252.0
-742.0 90.0 -4257.0
-700.0 80.0 -4272.0
-700.0 65.0 -4267.0
-705.0 102.0 -4237.0
-715.0 45.0 -4222.0
-705.0 117.0 -4247.0
-705.0 80.0 -4257.0
-710.0 60.0 -4267.0
-710.0 90.0 -4252.0
-730.0 90.0 -4282.0
-700.0 50.0 -4242.0
-710.0 75.0 -4207.0
-730.0 80.0 -4267.0
-725.0 107.0 -4292.0
-705.0 97.0 -4252.0
-695.0 102.0 -4262.0
-720.0 122.0 -4282.0
-705.0 70.0 -4277.0
-690.0 80.0 -4185.0
-777.0 60.0 -4252.0
-772.0 90.0 -4202.0
-817.0 50.0 -4247.0
-752.0 35.0 -4272.0
-782.0 65.0 -4232.0
-735.0 45.0 -4247.0
-747.0 70.0 -4237.0
-772.0 55.0 -4242.0
-730.0 10.0 -4237.0
-685.0 75.0 -4247.0
-752.0 90.0 -4267.0
-762.0 65.0 -4227.0
-735.0 80.0 -4192.0
-742.0 102.0 -4267.0
-725.0 85.0 -4247.0
-735.0 70.0 -4227.0
-720.0 70.0 -4277.0
-772.0 60.0 -4277.0
-752.0 90.0 -4207.0
-700.0 75.0 -4247.0
-715.0 75.0 -4267.0
-695.0 85.0 -4217.0
-685.0 117.0 -4242.0
-777.0 55.0 -4212.0
-247.0 0.0 -4130.0
-957.0 -157.0 -4135.0
-972.0 -157.0 -4160.0
-907.0 -127.0 -4125.0
-942.0 -137.0 -4125.0
-912.0 -142.0 -4180.0
-900.0 -132.0 -4160.0
-922.0 -85.0 -4150.0
-912.0 -147.0 -4155.0
-922.0 -127.0 -4115.0
-937.0 -142.0 -4160.0
-942.0 -122.0 -4115.0
-932.0 -147.0 -4170.0
-927.0 -157.0 -4165.0
-912.0 -132.0 -4155.0
-912.0 -117.0 -4165.0
-907.0 -147.0 -4155.0
-907.0 -142.0 -4160.0
-917.0 -147.0 -4180.0
-972.0 -162.0 -4115.0
-927.0 -132.0 -4140.0
-865.0 -142.0 -4150.0
-947.0 -157.0 -4140.0
-937.0 -122.0 -4180.0
-952.0 -162.0 -4160.0
-942.0 -162.0 -4175.0
-922.0 -157.0 -4135.0
-962.0 -112.0 -4080.0
-972.0 -102.0 -4105.0
-947.0 -122.0 -4125.0
-952.0 -127.0 -4145.0
-932.0 -132.0 -4105.0
-937.0 -147.0 -4155.0
-927.0 -157.0 -4140.0
-977.0 -152.0 -4085.0
-957.0 -142.0 -4125.0
-967.0 -152.0 -4110.0
-927.0 -147.0 -4090.0
-947.0 -157.0 -4100.0
-895.0 -137.0 -4115.0
-932.0 -137.0 -4080.0
-990.0 -157.0 -4070.0
-947.0 -157.0 -4110.0
-962.0 -167.0 -4115.0
-932.0 -102.0 -4140.0
-907.0 -152.0 -4115.0
-952.0 -132.0 -4125.0
-977.0 -107.0 -4145.0
-937.0 -127.0 -4120.0
-957.0 -152.0 -4120.0
-735.0 -245.0 -4105.0
-792.0 -240.0 -4080.0
-695.0 -240.0 -4115.0
-757.0 -195.0 -4120.0
-830.0 -230.0 -4145.0
-802.0 -215.0 -4130.0
-865.0 -220.0 -4115.0
-860.0 -235.0 -4110.0
-952.0 -190.0 -4065.0
-962.0 -220.0 -4085.0
-947.0 -167.0 -4080.0
-957.0 -182.0 -4090.0
-982.0 -190.0 -4110.0
-932.0 -190.0 -4135.0
-895.0 -182.0 -4135.0
-927.0 -177.0 -4135.0
-937.0 -182.0 -4135.0
-927.0 -167.0 -4160.0
-927.0 -177.0 -4165.0
-927.0 -177.0 -4165.0
-917.0 -167.0 -4105.0
-922.0 -190.0 -4170.0
-880.0 -157.0 -4115.0
-880.0 -177.0 -4115.0
-942.0 -195.0 -4145.0
-947.0 -177.0 -4165.0
-890.0 -157.0 -4150.0
-917.0 -162.0 -4130.0
-895.0 -200.0 -4135.0
-912.0 -167.0 -4160.0
-927.0 -172.0 -4140.0
-912.0 -162.0 -4160.0
-907.0 -162.0 -4155.0
-932.0 -172.0 -4095.0
-917.0 -172.0 -4155.0
-855.0 -177.0 -4075.0
-895.0 -177.0 -4135.0
-927.0 -167.0 -4110.0
-932.0 -167.0 -4150.0
-912.0 -205.0 -4145.0
-937.0 -167.0 -4125.0
-982.0 -190.0 -4120.0
-912.0 -172.0 -4105.0
-967.0 -220.0 -4125.0
-972.0 -172.0 -4130.0
-917.0 -167.0 -4120.0
-957.0 -182.0 -4115.0
-947.0 -167.0 -4090.0
-797.0 -225.0 -4150.0
-762.0 -265.0 -4150.0
-612.0 -245.0 -4145.0
-660.0 -265.0 -4110.0
-685.0 -292.0 -4080.0
-330.0 -142.0 -4282.0
-365.0 -302.0 -4302.0
-447.0 -322.0 -4227.0
-587.0 -352.0 -4085.0
-462.0 -385.0 -4170.0
-452.0 -352.0 -4100.0
-462.0 -357.0 -4145.0
-457.0 -352.0 -4105.0
-452.0 -362.0 -4125.0
-500.0 -357.0 -4145.0
-472.0 -347.0 -4155.0
-427.0 -327.0 -4085.0
-472.0 -347.0 -4140.0
-477.0 -352.0 -4100.0
-442.0 -347.0 -4105.0
-515.0 -380.0 -4125.0
-487.0 -342.0 -4130.0
-442.0 -332.0 -4145.0
-482.0 -357.0 -4155.0
-462.0 -327.0 -4125.0
-487.0 -327.0 -4170.0
-477.0 -362.0 -4130.0
-515.0 -385.0 -4145.0
-525.0 -380.0 -4120.0
-515.0 -347.0 -4120.0
-472.0 -307.0 -4165.0
-482.0 -380.0 -4135.0
-462.0 -357.0 -4150.0
-487.0 -342.0 -4125.0
-510.0 -337.0 -4095.0
-487.0 -342.0 -4095.0
-487.0 -357.0 -4140.0
-462.0 -362.0 -4125.0
-457.0 -372.0 -4125.0
-487.0 -342.0 -4150.0
-482.0 -337.0 -4170.0
-477.0 -367.0 -4175.0
-472.0 -337.0 -4110.0
-500.0 -357.0 -4135.0
-525.0 -337.0 -4110.0
-500.0 -337.0 -4085.0
-482.0 -347.0 -4125.0
-525.0 -317.0 -4090.0
-477.0 -307.0 -4130.0
-495.0 -342.0 -4105.0
-467.0 -342.0 -4120.0
-457.0 -322.0 -4145.0
-467.0 -322.0 -4140.0
-500.0 -322.0 -4135.0
-482.0 -342.0 -4105.0
-487.0 -357.0 -4155.0
-322.0 -332.0 -2932.0
-312.0 -367.0 -4095.0
-365.0 -332.0 -4307.0
-355.0 -362.0 -4232.0
-405.0 -410.0 -4160.0
-462.0 -390.0 -4120.0
-417.0 -362.0 -4150.0
-385.0 -342.0 -4100.0
-462.0 -395.0 -4125.0
-417.0 -357.0 -4135.0
-380.0 -342.0 -4175.0
-385.0 -367.0 -4165.0
-312.0 -357.0 -4175.0
-317.0 -352.0 -4175.0
-345.0 -405.0 -4192.0
-312.0 -357.0 -4192.0
-317.0 -362.0 -4140.0
-330.0 -312.0 -4145.0
-335.0 -390.0 -4185.0
-330.0 -390.0 -4170.0
-317.0 -362.0 -4160.0
-350.0 -322.0 -4170.0
-365.0 -357.0 -4145.0
-302.0 -342.0 -4175.0
-335.0 -362.0 -4207.0
-335.0 -395.0 -4207.0
-312.0 -352.0 -4175.0
-307.0 -327.0 -4192.0
-312.0 -337.0 -4192.0
-297.0 -352.0 -4130.0
-355.0 -400.0 -4192.0
-312.0 -357.0 -4170.0
-330.0 -352.0 -4192.0
-330.0 -390.0 -4180.0
-312.0 -367.0 -4212.0
-322.0 -362.0 -4175.0
-322.0 -297.0 -4185.0
-317.0 -372.0 -4155.0
-330.0 -337.0 -4105.0
-312.0 -357.0 -4145.0
-330.0 -347.0 -4130.0
-330.0 -390.0 -4115.0
-272.0 -327.0 -2725.0
-240.0 -352.0 -4222.0
-282.0 -352.0 -4175.0
-302.0 -390.0 -4150.0
-297.0 -385.0 -4135.0
-287.0 -357.0 -4165.0
-292.0 -385.0 -4160.0
-287.0 -357.0 -4150.0
-272.0 -337.0 -4192.0
-312.0 -385.0 -4185.0
-277.0 -352.0 -4180.0
-312.0 -400.0 -4150.0
-292.0 -385.0 -4180.0
-312.0 -395.0 -4160.0
-297.0 -367.0 -4135.0
-257.0 -390.0 -4140.0
-312.0 -372.0 -4197.0
-302.0 -395.0 -4140.0
-322.0 -395.0 -4140.0
-292.0 -372.0 -4222.0
-267.0 -385.0 -4192.0
-297.0 -400.0 -4180.0
-277.0 -395.0 -4185.0
-297.0 -390.0 -4125.0
-277.0 -400.0 -4192.0
-292.0 -372.0 -4197.0
-307.0 -372.0 -4165.0
-267.0 -347.0 -4165.0
-282.0 -352.0 -4145.0
-297.0 -380.0 -4120.0
-317.0 -395.0 -4185.0
-307.0 -367.0 -4145.0
-267.0 -357.0 -4185.0
-235.0 -362.0 -4197.0
-97.0 -152.0 -4362.0
-165.0 -400.0 -2267.0
-142.0 -357.0 -2135.0
-220.0 -512.0 -3642.0
-220.0 -517.0 -3647.0
-215.0 -390.0 -4100.0
-190.0 -385.0 -4247.0
-70.0 -182.0 -4115.0
-65.0 -157.0 -4135.0
-132.0 -435.0 -1817.0
-122.0 -390.0 -1792.0
-215.0 -707.0 -2957.0
-122.0 -420.0 -4060.0
-65.0 -287.0 -4242.0
-82.0 -380.0 -4115.0
-60.0 -167.0 -4155.0
-92.0 -282.0 -3940.0
-112.0 -650.0 -2537.0
-5.0 -400.0 -4145.0
-10.0 -312.0 -4207.0
-70.0 -415.0 -4125.0
-25.0 -195.0 -4130.0
-5.0 -205.0 -4140.0
-5.0 -190.0 -4040.0
-20.0 -200.0 -4080.0
-10.0 -220.0 -4090.0
-10.0 -195.0 -4025.0
-5.0 -200.0 -4085.0
-25.0 -182.0 -4055.0
-10.0 -167.0 -4045.0
55.0 -327.0 -4192.0
45.0 -275.0 -4247.0
0.0 -362.0 -4232.0
10.0 -317.0 -4207.0
5.0 -205.0 -4065.0
0.0 -235.0 -4050.0
25.0 -215.0 -4075.0
20.0 -195.0 -4035.0
5.0 -195.0 -4065.0
15.0 -195.0 -4090.0
5.0 -205.0 -4050.0
15.0 -200.0 -4040.0
0.0 -215.0 -4040.0
0.0 -167.0 -4050.0
0.0 -200.0 -4045.0
25.0 -167.0 -4065.0
20.0 -200.0 -4080.0
10.0 -210.0 -4070.0
20.0 -225.0 -4085.0
5.0 -172.0 -4095.0
20.0 -195.0 -4065.0
5.0 -172.0 -4070.0
30.0 -177.0 -4045.0
10.0 -172.0 -4030.0
10.0 -190.0 -4050.0
15.0 -215.0 -4035.0
0.0 -147.0 -4015.0
0.0 -162.0 -4005.0
0.0 -215.0 -4070.0
5.0 -195.0 -4085.0
0.0 -177.0 -4065.0
0.0 -205.0 -4040.0
10.0 -260.0 -3990.0
45.0 -287.0 -3930.0
117.0 -410.0 -4050.0
107.0 -302.0 -4237.0
65.0 -255.0 -4185.0
75.0 -270.0 -4185.0
65.0 -265.0 -4140.0
50.0 -265.0 -4202.0
60.0 -200.0 -4075.0
45.0 -182.0 -4080.0
35.0 -177.0 -4040.0
40.0 -137.0 -4085.0
40.0 -210.0 -4085.0
40.0 -172.0 -4110.0
170.0 -367.0 -4105.0
132.0 -270.0 -4237.0
132.0 -265.0 -4247.0
87.0 -200.0 -4417.0
165.0 -400.0 -4105.0
117.0 -255.0 -4312.0
137.0 -255.0 -4115.0
122.0 -255.0 -4130.0
127.0 -265.0 -4060.0
157.0 -282.0 -4095.0
137.0 -270.0 -4135.0
127.0 -235.0 -4080.0
97.0 -225.0 -4140.0
87.0 -210.0 -4105.0
282.0 -542.0 -3875.0
235.0 -575.0 -3807.0
330.0 -640.0 -3677.0
312.0 -615.0 -3662.0
170.0 -255.0 -4130.0
195.0 -235.0 -4145.0
147.0 -245.0 -4160.0
185.0 -275.0 -4155.0
170.0 -210.0 -4085.0
170.0 -245.0 -4140.0
185.0 -275.0 -4145.0
185.0 -292.0 -4160.0
157.0 -250.0 -4125.0
175.0 -270.0 -4150.0
170.0 -235.0 -4115.0
170.0 -245.0 -4135.0
157.0 -255.0 -4100.0
147.0 -245.0 -4100.0
152.0 -245.0 -4095.0
152.0 -200.0 -4090.0
165.0 -255.0 -4140.0
200.0 -250.0 -4065.0
175.0 -220.0 -4090.0
147.0 -225.0 -4135.0
152.0 -215.0 -4075.0
180.0 -235.0 -4090.0
137.0 -205.0 -4125.0
165.0 -265.0 -4125.0
252.0 -307.0 -4095.0
152.0 -195.0 -4105.0
452.0 -650.0 -3607.0
405.0 -692.0 -3627.0
65.0 -75.0 -3747.0
340.0 -357.0 -4070.0
257.0 -255.0 -4232.0
380.0 -332.0 -4080.0
230.0 -240.0 -4175.0
262.0 -270.0 -4150.0
252.0 -240.0 -4145.0
267.0 -282.0 -4160.0
267.0 -265.0 -4160.0
230.0 -255.0 -4150.0
210.0 -210.0 -4120.0
190.0 -225.0 -4075.0
225.0 -245.0 -4145.0
225.0 -240.0 -4115.0
252.0 -250.0 -4105.0
210.0 -235.0 -4115.0
195.0 -215.0 -4075.0
200.0 -225.0 -4120.0
240.0 -255.0 -4125.0
175.0 -200.0 -4120.0
190.0 -215.0 -4100.0
262.0 -250.0 -4125.0
252.0 -255.0 -4065.0
340.0 -265.0 -4227.0
345.0 -245.0 -4207.0
422.0 -260.0 -4165.0
385.0 -235.0 -4207.0
302.0 -220.0 -4192.0
307.0 -225.0 -4202.0
235.0 -195.0 -4307.0
297.0 -215.0 -4257.0
330.0 -205.0 -4282.0
322.0 -220.0 -4120.0
262.0 -200.0 -4105.0
427.0 -225.0 -4232.0
452.0 -230.0 -4202.0
487.0 -240.0 -4180.0
422.0 -215.0 -4242.0
447.0 -240.0 -4222.0
467.0 -235.0 -4217.0
467.0 -235.0 -4150.0
462.0 -245.0 -4165.0
487.0 -250.0 -4115.0
442.0 -245.0 -4192.0
510.0 -220.0 -4175.0
500.0 -195.0 -4155.0
487.0 -255.0 -4227.0
452.0 -225.0 -4175.0
510.0 -245.0 -4135.0
487.0 -250.0 -4180.0
457.0 -215.0 -4192.0
472.0 -255.0 -4180.0
505.0 -230.0 -4197.0
487.0 -255.0 -4185.0
452.0 -205.0 -4135.0
545.0 -225.0 -4155.0
472.0 -255.0 -4207.0
457.0 -240.0 -4170.0
432.0 -177.0 -4150.0
462.0 -255.0 -4175.0
452.0 -260.0 -4180.0
515.0 -240.0 -4202.0
462.0 -235.0 -4175.0
505.0 -270.0 -4227.0
525.0 -220.0 -4222.0
467.0 -225.0 -4192.0
472.0 -255.0 -4160.0
477.0 -177.0 -4207.0
355.0 -172.0 -4462.0
335.0 -172.0 -4427.0
405.0 -172.0 -4412.0
350.0 -142.0 -4457.0
240.0 -132.0 -4467.0
525.0 -260.0 -4130.0
510.0 -240.0 -4130.0
520.0 -240.0 -4135.0
380.0 -210.0 -4105.0
565.0 -112.0 -4005.0
1010.0 -270.0 -3607.0
1025.0 -225.0 -3607.0
947.0 -235.0 -3687.0
937.0 -240.0 -3707.0
962.0 -210.0 -3682.0
942.0 -182.0 -3692.0
990.0 -200.0 -3577.0
1060.0 -200.0 -3567.0
977.0 -182.0 -3495.0
972.0 -200.0 -3530.0
977.0 -182.0 -3515.0
1030.0 -210.0 -3490.0
990.0 -195.0 -3562.0
995.0 -205.0 -3535.0
990.0 -195.0 -3547.0
835.0 -225.0 -3900.0
520.0 -172.0 -4145.0
550.0 -190.0 -4217.0
560.0 -167.0 -4212.0
597.0 -162.0 -4202.0
637.0 -147.0 -4262.0
675.0 -152.0 -4257.0
652.0 -152.0 -4227.0
525.0 -177.0 -4252.0
457.0 -137.0 -4322.0
467.0 -85.0 -4307.0
505.0 -142.0 -4352.0
612.0 -205.0 -4392.0
437.0 -102.0 -4525.0
597.0 -200.0 -4100.0
735.0 -167.0 -4105.0
767.0 -215.0 -4125.0
735.0 -195.0 -4040.0
757.0 -147.0 -4095.0
782.0 -190.0 -4140.0
735.0 -85.0 -3920.0
982.0 -147.0 -3587.0
990.0 -107.0 -3480.0
1015.0 -157.0 -3455.0
1055.0 -157.0 -3535.0
967.0 -147.0 -3455.0
972.0 -147.0 -3485.0
1010.0 -137.0 -3525.0
990.0 -157.0 -3490.0
962.0 -162.0 -3525.0
1010.0 -177.0 -3535.0
1020.0 -157.0 -3475.0
1035.0 -177.0 -3530.0
990.0 -112.0 -3525.0
1025.0 -157.0 -3505.0
977.0 -152.0 -3525.0
1005.0 -157.0 -3490.0
995.0 -162.0 -3510.0
1010.0 -157.0 -3515.0
1040.0 -152.0 -3515.0
995.0 -172.0 -3515.0
967.0 -137.0 -3505.0
990.0 -132.0 -3525.0
962.0 -137.0 -3505.0
990.0 -152.0 -3547.0
1000.0 -167.0 -3525.0
990.0 -167.0 -3510.0
1005.0 -167.0 -3525.0
957.0 -142.0 -3500.0
972.0 -137.0 -3495.0
977.0 -162.0 -3525.0
990.0 -147.0 -3525.0
1010.0 -172.0 -3535.0
990.0 -137.0 -3540.0
990.0 -75.0 -3920.0
515.0 -85.0 -4432.0
482.0 -10.0 -4457.0
312.0 -15.0 -4482.0
767.0 -132.0 -4110.0
