[-2100, 9037, -75]
[-2122, 9047, -85]
[-2390, 9022, -95]
[-2610, 9012, -90]
[-3070, 8967, -115]
[-3562, 8800, -95]
[-3995, 8575, 0]
[-4522, 8127, 5]
[-4895, 7555, 40]
[-5015, 7170, 85]
[-5005, 7115, 60]
[-5010, 7095, 90]
[-5010, 7090, 65]
[-4955, 7100, 85]
[-5127, 6827, 95]
[-5177, 6330, 137]
[-5042, 5592, 257]
[-4635, 4915, 290]
[-4072, 4470, 330]
[-3635, 4282, 300]
[-3260, 4267, 247]
[-3050, 4237, 247]
[-2990, 4247, 197]
[-2965, 4252, 187]
[-2980, 4242, 202]
[-2940, 4247, 227]
[-2940, 4242, 237]
[-2917, 4232, 217]
[-2762, 4257, 202]
[-2610, 4227, 147]
[-2420, 4187, 65]
[-2157, 4202, 95]
[-1807, 4257, 55]
[-1420, 4267, 15]
[-1085, 4427, -5]
[-755, 4635, 15]
[-487, 4930, -20]
[-202, 5257, -50]
[-95, 5447, -25]
[-45, 5462, -50]
[-50, 5442, -75]
[-65, 5462, -60]
[-130, 5477, -85]
[-65, 5457, -30]
[-65, 5432, -50]
[-55, 5497, -30]
[25, 5617, -30]
[105, 5830, -60]
[267, 6240, -15]
[222, 6607, -75]
[167, 6967, -25]
[115, 7325, -30]
[-100, 7687, -50]
[-420, 8142, -100]
[-827, 8540, -80]
[-1187, 8760, -95]
[-1690, 8905, -105]
[-2257, 9022, -137]
[-2832, 8915, -95]
[-3432, 8715, -110]
[-3900, 8410, -132]
[-4330, 7897, -95]
[-4640, 7405, -30]
[-4762, 6777, -20]
[-4762, 6427, -40]
[-4782, 6365, -15]
[-4772, 6412, -55]
[-4757, 6370, -35]
[-4822, 6392, -20]
[-4792, 6387, -55]
[-4762, 6365, -45]
[-4792, 6387, -15]
[-4787, 6295, -60]
[-4772, 5965, -20]
[-4620, 5497, 20]
[-4432, 5152, -10]
[-4217, 4875, 25]
[-4030, 4670, -20]
[-3720, 4442, -15]
[-3340, 4222, 15]
[-2940, 4172, 25]
[-2542, 4062, -5]
[-2300, 4042, 35]
[-1902, 4067, 0]
[-1542, 4122, 15]
[-1192, 4282, 55]
[-887, 4470, -15]
[-557, 4725, -40]
[-370, 4935, -25]
[-207, 5132, -50]
[-100, 5317, -35]
[-45, 5382, -65]
[-55, 5417, -45]
[-75, 5427, -85]
[-40, 5382, -35]
[-35, 5447, -35]
[-70, 5467, -15]
[-10, 5452, -20]
[-30, 5482, -15]
[-40, 5412, -30]
[50, 5587, -70]
[135, 5835, -60]
[232, 6060, -75]
[292, 6447, -45]
[287, 6887, -45]
[217, 7365, -30]
[-55, 7772, -85]
[-365, 8207, -142]
[-710, 8545, -132]
[-1152, 8805, -95]
[-1527, 8915, -85]
[-2065, 9032, -157]
[-2705, 9042, -132]
[-3270, 8920, -132]
[-3900, 8660, -137]
[-4407, 8212, -120]
[-4712, 7782, -75]
[-4807, 7460, -120]
[-4910, 7380, -120]
[-4880, 7315, -90]
[-4832, 7345, -100]
[-4832, 7310, -137]
[-4842, 7325, -125]
[-4862, 7345, -95]
[-4885, 7340, -100]
[-4807, 7320, -110]
[-4960, 6817, -65]
[-4970, 6040, 40]
[-4890, 5477, 80]
[-4467, 4850, 172]
[-4025, 4480, 177]
[-3575, 4262, 147]
[-3172, 4147, 105]
[-2852, 4132, 125]
[-2497, 4102, 45]
[-2212, 4102, 0]
[-1827, 4162, -35]
[-1420, 4297, -40]
[-1065, 4427, -65]
[-750, 4650, -50]
[-512, 4945, -70]
[-247, 5232, -60]
[-10, 5602, -110]
[202, 5955, -152]
[355, 6637, -110]
[262, 7380, -197]
[40, 7792, -137]
[45, 7782, -132]
[35, 7842, -115]
[-25, 7812, -132]
[15, 7852, -152]
[10, 7832, -147]
[-5, 7847, -167]
[-110, 7902, -167]
[-317, 8207, -152]
[-685, 8475, -125]
[-1157, 8790, -172]
[-1655, 8992, -167]
[-2132, 9017, -172]
[-2680, 9052, -187]
[-3152, 9027, -197]
[-3655, 8825, -80]
[-4127, 8555, -120]
[-4467, 8262, -55]
[-4807, 7892, -15]
[-5025, 7360, 10]
[-5102, 7015, 25]
[-5152, 6967, 80]
[-5117, 7012, 15]
[-5162, 6962, 5]
[-5147, 6972, 25]
[-5162, 6947, 50]
[-5167, 6967, 50]
[-5205, 6582, 75]
[-5205, 5975, 147]
[-5057, 5517, 182]
[-4807, 4985, 227]
[-4402, 4640, 280]
[-4092, 4447, 295]
[-3752, 4302, 300]
[-3590, 4237, 275]
[-3350, 4212, 280]
[-3172, 4202, 202]
[-3070, 4167, 182]
[-2897, 4207, 177]
[-2807, 4207, 100]
[-2630, 4197, 70]
[-2442, 4217, 35]
[-2335, 4232, 0]
[-2117, 4232, 5]
[-1960, 4187, -10]
[-1787, 4237, -5]
[-1607, 4267, -40]
[-1487, 4332, -80]
[-1320, 4372, -80]
[-1125, 4442, -120]
[-990, 4480, -45]
[-877, 4595, -85]
[-770, 4735, -60]
[-627, 4850, -60]
[-552, 5050, -65]
[-435, 5132, -110]
[-317, 5282, -65]
[-242, 5417, -110]
[-145, 5522, -157]
[-80, 5647, -132]
[15, 5770, -157]
[177, 6000, -132]
[297, 6375, -100]
[340, 6847, -132]
[232, 7285, -142]
[110, 7625, -172]
[-80, 7897, -172]
[-272, 8157, -157]
[-425, 8310, -167]
[-710, 8475, -147]
[-1005, 8680, -115]
[-1345, 8775, -110]
[-1625, 8910, -147]
[-1852, 8977, -142]
[-2187, 9082, -100]
[-2720, 9017, -110]
[-3025, 8947, -120]
[-3212, 8880, -105]
[-3457, 8760, -132]
[-3542, 8660, -125]
[-3575, 8635, -132]
[-3660, 8600, -157]
[-3757, 8455, -152]
[-3920, 8430, -152]
[-3960, 8330, -217]
[-4172, 8147, -182]
[-4477, 7712, -162]
[-4777, 7195, -70]
[-4890, 6622, 5]
[-4890, 6130, 40]
[-4817, 5687, 105]
[-4615, 5267, 115]
[-4340, 5015, 137]
[-4117, 4760, 187]
[-3905, 4610, 167]
[-3600, 4525, 147]
[-3405, 4480, 125]
[-3232, 4457, 100]
[-3092, 4377, 110]
[-2935, 4372, 147]
[-2802, 4367, 100]
[-2705, 4332, 152]
[-2592, 4317, 75]
[-2532, 4277, 30]
[-2400, 4272, 70]
[-2222, 4342, 35]
[-2080, 4227, -5]
[-1857, 4282, -35]
[-1577, 4317, -20]
[-1310, 4417, -55]
[-995, 4555, -70]
[-740, 4750, -115]
[-577, 4940, -115]
[-450, 5172, -90]
[-267, 5422, -105]
[-155, 5667, -192]
[75, 6050, -167]
[207, 6392, -162]
[282, 6867, -152]
[207, 7385, -147]
[-50, 7852, -137]
[-330, 8192, -132]
[-597, 8460, -142]
[-922, 8645, -147]
[-1227, 8850, -125]
[-1502, 8927, -182]
[-1700, 8947, -167]
[-1802, 8977, -182]
[-1787, 8967, -157]
[-1802, 8967, -162]
[-1797, 8942, -182]
[-1745, 8942, -115]
[-1780, 8992, -147]
[-1792, 8982, -197]
[-1797, 9017, -177]
[-1775, 8982, -177]
[-1765, 8952, -182]
[-2100, 9037, -75]
[-2122, 9047, -85]
[-2390, 9022, -95]
[-2610, 9012, -90]
[-3070, 8967, -115]
[-3562, 8800, -95]
[-3995, 8575, 0]
[-4522, 8127, 5]
[-4895, 7555, 40]
[-5015, 7170, 85]
[-5005, 7115, 60]
[-5010, 7095, 90]
[-5010, 7090, 65]
[-4955, 7100, 85]
[-5127, 6827, 95]
[-5177, 6330, 137]
[-5042, 5592, 257]
[-4635, 4915, 290]
[-4072, 4470, 330]
[-3635, 4282, 300]
[-3260, 4267, 247]
[-3050, 4237, 247]
[-2990, 4247, 197]
[-2965, 4252, 187]
[-2980, 4242, 202]
[-2940, 4247, 227]
[-2940, 4242, 237]
[-2917, 4232, 217]
[-2762, 4257, 202]
[-2610, 4227, 147]
[-2420, 4187, 65]
[-2157, 4202, 95]
[-1807, 4257, 55]
[-1420, 4267, 15]
[-1085, 4427, -5]
[-755, 4635, 15]
[-487, 4930, -20]
[-202, 5257, -50]
[-95, 5447, -25]
[-45, 5462, -50]
[-50, 5442, -75]
[-65, 5462, -60]
[-130, 5477, -85]
[-65, 5457, -30]
[-65, 5432, -50]
[-55, 5497, -30]
[25, 5617, -30]
[105, 5830, -60]
[267, 6240, -15]
[222, 6607, -75]
[167, 6967, -25]
[115, 7325, -30]
[-100, 7687, -50]
[-420, 8142, -100]
[-827, 8540, -80]
[-1187, 8760, -95]
[-1690, 8905, -105]
[-2257, 9022, -137]
[-2832, 8915, -95]
[-3432, 8715, -110]
[-3900, 8410, -132]
[-4330, 7897, -95]
[-4640, 7405, -30]
[-4762, 6777, -20]
[-4762, 6427, -40]
[-4782, 6365, -15]
[-4772, 6412, -55]
[-4757, 6370, -35]
[-4822, 6392, -20]
[-4792, 6387, -55]
[-4762, 6365, -45]
[-4792, 6387, -15]
[-4787, 6295, -60]
[-4772, 5965, -20]
[-4620, 5497, 20]
[-4432, 5152, -10]
[-4217, 4875, 25]
[-4030, 4670, -20]
[-3720, 4442, -15]
[-3340, 4222, 15]
[-2940, 4172, 25]
[-2542, 4062, -5]
[-2300, 4042, 35]
[-1902, 4067, 0]
[-1542, 4122, 15]
[-1192, 4282, 55]
[-887, 4470, -15]
[-557, 4725, -40]
[-370, 4935, -25]
[-207, 5132, -50]
[-100, 5317, -35]
[-45, 5382, -65]
[-55, 5417, -45]
[-75, 5427, -85]
[-40, 5382, -35]
[-35, 5447, -35]
[-70, 5467, -15]
[-10, 5452, -20]
[-30, 5482, -15]
[-40, 5412, -30]
[50, 5587, -70]
[135, 5835, -60]
[232, 6060, -75]
[292, 6447, -45]
[287, 6887, -45]
[217, 7365, -30]
[-55, 7772, -85]
[-365, 8207, -142]
[-710, 8545, -132]
[-1152, 8805, -95]
[-1527, 8915, -85]
[-2065, 9032, -157]
[-2705, 9042, -132]
[-3270, 8920, -132]
[-3900, 8660, -137]
[-4407, 8212, -120]
[-4712, 7782, -75]
[-4807, 7460, -120]
[-4910, 7380, -120]
[-4880, 7315, -90]
[-4832, 7345, -100]
[-4832, 7310, -137]
[-4842, 7325, -125]
[-4862, 7345, -95]
[-4885, 7340, -100]
[-4807, 7320, -110]
[-4960, 6817, -65]
[-4970, 6040, 40]
[-4890, 5477, 80]
[-4467, 4850, 172]
[-4025, 4480, 177]
[-3575, 4262, 147]
[-3172, 4147, 105]
[-2852, 4132, 125]
[-2497, 4102, 45]
[-2212, 4102, 0]
[-1827, 4162, -35]
[-1420, 4297, -40]
[-1065, 4427, -65]
[-750, 4650, -50]
[-512, 4945, -70]
[-247, 5232, -60]
[-10, 5602, -110]
[202, 5955, -152]
[355, 6637, -110]
[262, 7380, -197]
[40, 7792, -137]
[45, 7782, -132]
[35, 7842, -115]
[-25, 7812, -132]
[15, 7852, -152]
[10, 7832, -147]
[-5, 7847, -167]
[-110, 7902, -167]
[-317, 8207, -152]
[-685, 8475, -125]
[-1157, 8790, -172]
[-1655, 8992, -167]
[-2132, 9017, -172]
[-2680, 9052, -187]
[-3152, 9027, -197]
[-3655, 8825, -80]
[-4127, 8555, -120]
[-4467, 8262, -55]
[-4807, 7892, -15]
[-5025, 7360, 10]
[-5102, 7015, 25]
[-5152, 6967, 80]
[-5117, 7012, 15]
[-5162, 6962, 5]
[-5147, 6972, 25]
[-5162, 6947, 50]
[-5167, 6967, 50]
[-5205, 6582, 75]
[-5205, 5975, 147]
[-5057, 5517, 182]
[-4807, 4985, 227]
[-4402, 4640, 280]
[-4092, 4447, 295]
[-3752, 4302, 300]
[-3590, 4237, 275]
[-3350, 4212, 280]
[-3172, 4202, 202]
[-3070, 4167, 182]
[-2897, 4207, 177]
[-2807, 4207, 100]
[-2630, 4197, 70]
[-2442, 4217, 35]
[-2335, 4232, 0]
[-2117, 4232, 5]
[-1960, 4187, -10]
[-1787, 4237, -5]
[-1607, 4267, -40]
[-1487, 4332, -80]
[-1320, 4372, -80]
[-1125, 4442, -120]
[-990, 4480, -45]
[-877, 4595, -85]
[-770, 4735, -60]
[-627, 4850, -60]
[-552, 5050, -65]
[-435, 5132, -110]
[-317, 5282, -65]
[-242, 5417, -110]
[-145, 5522, -157]
[-80, 5647, -132]
[15, 5770, -157]
[177, 6000, -132]
[297, 6375, -100]
[340, 6847, -132]
[232, 7285, -142]
[110, 7625, -172]
[-80, 7897, -172]
[-272, 8157, -157]
[-425, 8310, -167]
[-710, 8475, -147]
[-1005, 8680, -115]
[-1345, 8775, -110]
[-1625, 8910, -147]
[-1852, 8977, -142]
[-2187, 9082, -100]
[-2720, 9017, -110]
[-3025, 8947, -120]
[-3212, 8880, -105]
[-3457, 8760, -132]
[-3542, 8660, -125]
[-3575, 8635, -132]
[-3660, 8600, -157]
[-3757, 8455, -152]
[-3920, 8430, -152]
[-3960, 8330, -217]
[-4172, 8147, -182]
[-4477, 7712, -162]
[-4777, 7195, -70]
[-4890, 6622, 5]
[-4890, 6130, 40]
[-4817, 5687, 105]
[-4615, 5267, 115]
[-4340, 5015, 137]
[-4117, 4760, 187]
[-3905, 4610, 167]
[-3600, 4525, 147]
[-3405, 4480, 125]
[-3232, 4457, 100]
[-3092, 4377, 110]
[-2935, 4372, 147]
[-2802, 4367, 100]
[-2705, 4332, 152]
[-2592, 4317, 75]
[-2532, 4277, 30]
[-2400, 4272, 70]
[-2222, 4342, 35]
[-2080, 4227, -5]
[-1857, 4282, -35]
[-1577, 4317, -20]
[-1310, 4417, -55]
[-995, 4555, -70]
[-740, 4750, -115]
[-577, 4940, -115]
[-450, 5172, -90]
[-267, 5422, -105]
[-155, 5667, -192]
[75, 6050, -167]
[207, 6392, -162]
[282, 6867, -152]
[207, 7385, -147]
[-50, 7852, -137]
[-330, 8192, -132]
[-597, 8460, -142]
[-922, 8645, -147]
[-1227, 8850, -125]
[-1502, 8927, -182]
[-1700, 8947, -167]
[-1802, 8977, -182]
[-1787, 8967, -157]
[-1802, 8967, -162]
[-1797, 8942, -182]
[-1745, 8942, -115]
[-1780, 8992, -147]
[-1792, 8982, -197]
[-1797, 9017, -177]
[-1775, 8982, -177]
[-1765, 8952, -182]
[-2100, 9037, -75]
[-2122, 9047, -85]
[-2390, 9022, -95]
[-2610, 9012, -90]
[-3070, 8967, -115]
[-3562, 8800, -95]
[-3995, 8575, 0]
[-4522, 8127, 5]
[-4895, 7555, 40]
[-5015, 7170, 85]
[-5005, 7115, 60]
[-5010, 7095, 90]
[-5010, 7090, 65]
[-4955, 7100, 85]
[-5127, 6827, 95]
[-5177, 6330, 137]
[-5042, 5592, 257]
[-4635, 4915, 290]
[-4072, 4470, 330]
[-3635, 4282, 300]
[-3260, 4267, 247]
[-3050, 4237, 247]
[-2990, 4247, 197]
[-2965, 4252, 187]
[-2980, 4242, 202]
[-2940, 4247, 227]
[-2940, 4242, 237]
[-2917, 4232, 217]
[-2762, 4257, 202]
[-2610, 4227, 147]
[-2420, 4187, 65]
[-2157, 4202, 95]
[-1807, 4257, 55]
[-1420, 4267, 15]
[-1085, 4427, -5]
[-755, 4635, 15]
[-487, 4930, -20]
[-202, 5257, -50]
[-95, 5447, -25]
[-45, 5462, -50]
[-50, 5442, -75]
[-65, 5462, -60]
[-130, 5477, -85]
[-65, 5457, -30]
[-65, 5432, -50]
[-55, 5497, -30]
[25, 5617, -30]
[105, 5830, -60]
[267, 6240, -15]
[222, 6607, -75]
[167, 6967, -25]
[115, 7325, -30]
[-100, 7687, -50]
[-420, 8142, -100]
[-827, 8540, -80]
[-1187, 8760, -95]
[-1690, 8905, -105]
[-2257, 9022, -137]
[-2832, 8915, -95]
[-3432, 8715, -110]
[-3900, 8410, -132]
[-4330, 7897, -95]
[-4640, 7405, -30]
[-4762, 6777, -20]
[-4762, 6427, -40]
[-4782, 6365, -15]
[-4772, 6412, -55]
[-4757, 6370, -35]
[-4822, 6392, -20]
[-4792, 6387, -55]
[-4762, 6365, -45]
[-4792, 6387, -15]
[-4787, 6295, -60]
[-4772, 5965, -20]
[-4620, 5497, 20]
[-4432, 5152, -10]
[-4217, 4875, 25]
[-4030, 4670, -20]
[-3720, 4442, -15]
[-3340, 4222, 15]
[-2940, 4172, 25]
[-2542, 4062, -5]
[-2300, 4042, 35]
[-1902, 4067, 0]
[-1542, 4122, 15]
[-1192, 4282, 55]
[-887, 4470, -15]
[-557, 4725, -40]
[-370, 4935, -25]
[-207, 5132, -50]
[-100, 5317, -35]
[-45, 5382, -65]
[-55, 5417, -45]
[-75, 5427, -85]
[-40, 5382, -35]
[-35, 5447, -35]
[-70, 5467, -15]
[-10, 5452, -20]
[-30, 5482, -15]
[-40, 5412, -30]
[50, 5587, -70]
[135, 5835, -60]
[232, 6060, -75]
[292, 6447, -45]
[287, 6887, -45]
[217, 7365, -30]
[-55, 7772, -85]
[-365, 8207, -142]
[-710, 8545, -132]
[-1152, 8805, -95]
[-1527, 8915, -85]
[-2065, 9032, -157]
[-2705, 9042, -132]
[-3270, 8920, -132]
[-3900, 8660, -137]
[-4407, 8212, -120]
[-4712, 7782, -75]
[-4807, 7460, -120]
[-4910, 7380, -120]
[-4880, 7315, -90]
[-4832, 7345, -100]
[-4832, 7310, -137]
[-4842, 7325, -125]
[-4862, 7345, -95]
[-4885, 7340, -100]
[-4807, 7320, -110]
[-4960, 6817, -65]
[-4970, 6040, 40]
[-4890, 5477, 80]
[-4467, 4850, 172]
[-4025, 4480, 177]
[-3575, 4262, 147]
[-3172, 4147, 105]
[-2852, 4132, 125]
[-2497, 4102, 45]
[-2212, 4102, 0]
[-1827, 4162, -35]
[-1420, 4297, -40]
[-1065, 4427, -65]
[-750, 4650, -50]
[-512, 4945, -70]
[-247, 5232, -60]
[-10, 5602, -110]
[202, 5955, -152]
[355, 6637, -110]
[262, 7380, -197]
[40, 7792, -137]
[45, 7782, -132]
[35, 7842, -115]
[-25, 7812, -132]
[15, 7852, -152]
[10, 7832, -147]
[-5, 7847, -167]
[-110, 7902, -167]
[-317, 8207, -152]
[-685, 8475, -125]
[-1157, 8790, -172]
[-1655, 8992, -167]
[-2132, 9017, -172]
[-2680, 9052, -187]
[-3152, 9027, -197]
[-3655, 8825, -80]
[-4127, 8555, -120]
[-4467, 8262, -55]
[-4807, 7892, -15]
[-5025, 7360, 10]
[-5102, 7015, 25]
[-5152, 6967, 80]
[-5117, 7012, 15]
[-5162, 6962, 5]
[-5147, 6972, 25]
[-5162, 6947, 50]
[-5167, 6967, 50]
[-5205, 6582, 75]
[-5205, 5975, 147]
[-5057, 5517, 182]
[-4807, 4985, 227]
[-4402, 4640, 280]
[-4092, 4447, 295]
[-3752, 4302, 300]
[-3590, 4237, 275]
[-3350, 4212, 280]
[-3172, 4202, 202]
[-3070, 4167, 182]
[-2897, 4207, 177]
[-2807, 4207, 100]
[-2630, 4197, 70]
[-2442, 4217, 35]
[-2335, 4232, 0]
[-2117, 4232, 5]
[-1960, 4187, -10]
[-1787, 4237, -5]
[-1607, 4267, -40]
[-1487, 4332, -80]
[-1320, 4372, -80]
[-1125, 4442, -120]
[-990, 4480, -45]
[-877, 4595, -85]
[-770, 4735, -60]
[-627, 4850, -60]
[-552, 5050, -65]
[-435, 5132, -110]
[-317, 5282, -65]
[-242, 5417, -110]
[-145, 5522, -157]
[-80, 5647, -132]
[15, 5770, -157]
[177, 6000, -132]
[297, 6375, -100]
[340, 6847, -132]
[232, 7285, -142]
[110, 7625, -172]
[-80, 7897, -172]
[-272, 8157, -157]
[-425, 8310, -167]
[-710, 8475, -147]
[-1005, 8680, -115]
[-1345, 8775, -110]
[-1625, 8910, -147]
[-1852, 8977, -142]
[-2187, 9082, -100]
[-2720, 9017, -110]
[-3025, 8947, -120]
[-3212, 8880, -105]
[-3457, 8760, -132]
[-3542, 8660, -125]
[-3575, 8635, -132]
[-3660, 8600, -157]
[-3757, 8455, -152]
[-3920, 8430, -152]
[-3960, 8330, -217]
[-4172, 8147, -182]
[-4477, 7712, -162]
[-4777, 7195, -70]
[-4890, 6622, 5]
[-4890, 6130, 40]
[-4817, 5687, 105]
[-4615, 5267, 115]
[-4340, 5015, 137]
[-4117, 4760, 187]
[-3905, 4610, 167]
[-3600, 4525, 147]
[-3405, 4480, 125]
[-3232, 4457, 100]
[-3092, 4377, 110]
[-2935, 4372, 147]
[-2802, 4367, 100]
[-2705, 4332, 152]
[-2592, 4317, 75]
[-2532, 4277, 30]
[-2400, 4272, 70]
[-2222, 4342, 35]
[-2080, 4227, -5]
[-1857, 4282, -35]
[-1577, 4317, -20]
[-1310, 4417, -55]
[-995, 4555, -70]
[-740, 4750, -115]
[-577, 4940, -115]
[-450, 5172, -90]
[-267, 5422, -105]
[-155, 5667, -192]
[75, 6050, -167]
[207, 6392, -162]
[282, 6867, -152]
[207, 7385, -147]
[-50, 7852, -137]
[-330, 8192, -132]
[-597, 8460, -142]
[-922, 8645, -147]
[-1227, 8850, -125]
[-1502, 8927, -182]
[-1700, 8947, -167]
[-1802, 8977, -182]
[-1787, 8967, -157]
[-1802, 8967, -162]
[-1797, 8942, -182]
[-1745, 8942, -115]
[-1780, 8992, -147]
[-1792, 8982, -197]
[-1797, 9017, -177]
[-1775, 8982, -177]
[-1765, 8952, -182]
[-2100, 9037, -75]
[-2122, 9047, -85]
[-2390, 9022, -95]
[-2610, 9012, -90]
[-3070, 8967, -115]
[-3562, 8800, -95]
[-3995, 8575, 0]
[-4522, 8127, 5]
[-4895, 7555, 40]
[-5015, 7170, 85]
[-5005, 7115, 60]
[-5010, 7095, 90]
[-5010, 7090, 65]
[-4955, 7100, 85]
[-5127, 6827, 95]
[-5177, 6330, 137]
[-5042, 5592, 257]
[-4635, 4915, 290]
[-4072, 4470, 330]
[-3635, 4282, 300]
[-3260, 4267, 247]
[-3050, 4237, 247]
[-2990, 4247, 197]
[-2965, 4252, 187]
[-2980, 4242, 202]
[-2940, 4247, 227]
[-2940, 4242, 237]
[-2917, 4232, 217]
[-2762, 4257, 202]
[-2610, 4227, 147]
[-2420, 4187, 65]
[-2157, 4202, 95]
[-1807, 4257, 55]
[-1420, 4267, 15]
[-1085, 4427, -5]
[-755, 4635, 15]
[-487, 4930, -20]
[-202, 5257, -50]
[-95, 5447, -25]
[-45, 5462, -50]
[-50, 5442, -75]
[-65, 5462, -60]
[-130, 5477, -85]
[-65, 5457, -30]
